1 0.15745192307692307 0.17548076923076922 0.19591346153846154 0.22596153846153846
1 0.5396634615384616 0.23197115384615385 0.07211538461538461 0.13942307692307693
1 0.7319711538461539 0.2860576923076923 0.07932692307692307 0.15865384615384615
1 0.4411057692307692 0.2980769230769231 0.1346153846153846 0.20793269230769232
1 0.5564903846153846 0.3786057692307692 0.0625 0.16947115384615385
1 0.6634615384615384 0.4230769230769231 0.12980769230769232 0.24879807692307693
1 0.7896634615384616 0.42908653846153844 0.08413461538461539 0.17067307692307693
1 0.2776442307692308 0.5336538461538461 0.1658653846153846 0.20673076923076922
1 0.8485576923076923 0.8918269230769231 0.2091346153846154 0.2127403846153846
1 0.6370192307692307 0.12740384615384615 0.056490384615384616 0.13942307692307693
1 0.9507211538461539 0.13221153846153846 0.07932692307692307 0.10216346153846154
1 0.7620192307692307 0.14302884615384615 0.04326923076923077 0.12620192307692307