2 0.1890625 0.8296875 0.33125 0.284375
2 0.41796875 0.75234375 0.49140625 0.2046875
2 0.79140625 0.6828125 0.4171875 0.13515625
2 0.32109375 0.33125 0.6421875 0.15078125
2 0.8203125 0.3140625 0.359375 0.12890625
2 0.78828125 0.45390625 0.42265625 0.12109375
2 0.78671875 0.54765625 0.4265625 0.1703125
2 0.3875 0.528125 0.38125 0.20234375
2 0.1109375 0.515625 0.221875 0.21875
4 0.1765625 0.83359375 0.3265625 0.28125
4 0.4296875 0.7546875 0.46484375 0.20234375
4 0.796875 0.67578125 0.40625 0.1328125
4 0.7953125 0.534375 0.409375 0.24375
4 0.828125 0.32734375 0.34296875 0.12265625
4 0.30859375 0.334375 0.6171875 0.19140625
4 0.27890625 0.50703125 0.5578125 0.2484375