2 0.15234375 0.43828125 0.159375 0.146875
2 0.1828125 0.56015625 0.16171875 0.1390625
2 0.23359375 0.71171875 0.175 0.14453125
2 0.52734375 0.375 0.35234375 0.24609375
2 0.60390625 0.5578125 0.19765625 0.1484375
2 0.85546875 0.48125 0.128125 0.1375
2 0.8640625 0.66796875 0.18359375 0.178125
4 0.159375 0.43984375 0.153125 0.13828125
4 0.18515625 0.5640625 0.1359375 0.1265625
4 0.225 0.71171875 0.1953125 0.18203125
4 0.5125 0.35390625 0.321875 0.27109375
4 0.59453125 0.5734375 0.228125 0.16015625
4 0.86953125 0.48046875 0.1796875 0.1734375
4 0.8515625 0.66484375 0.13828125 0.20703125