2 0.23359375 0.57734375 0.12890625 0.0609375
2 0.30078125 0.55390625 0.12421875 0.065625
2 0.4875 0.5984375 0.1234375 0.053125
2 0.6921875 0.53671875 0.1171875 0.03515625
2 0.60390625 0.51953125 0.0484375 0.04609375
2 0.45234375 0.53046875 0.15859375 0.0421875
2 0.53046875 0.4859375 0.08046875 0.0265625
2 0.75078125 0.49140625 0.26953125 0.071875
4 0.24375 0.56953125 0.1578125 0.0578125
4 0.30625 0.5609375 0.1171875 0.04375
4 0.35 0.5453125 0.078125 0.03203125
4 0.41015625 0.53203125 0.09921875 0.0328125
4 0.46796875 0.51796875 0.18671875 0.0484375
4 0.5359375 0.4875 0.09765625 0.0375
4 0.73984375 0.48984375 0.2875 0.075
4 0.6984375 0.53828125 0.14609375 0.046875
4 0.59296875 0.51796875 0.05546875 0.071875
4 0.48671875 0.59765625 0.1515625 0.07265625