2 0.48125 0.5734375 0.7390625 0.553125
2 0.9234375 0.40625 0.15234375 0.2890625
2 0.95078125 0.22734375 0.0984375 0.2234375
2 0.69140625 0.165625 0.39921875 0.3046875
2 0.7765625 0.284375 0.17890625 0.11171875
2 0.8453125 0.37109375 0.19765625 0.15546875
2 0.58046875 0.33984375 0.2046875 0.1828125
2 0.40625 0.28515625 0.153125 0.18515625
2 0.271875 0.36953125 0.309375 0.14609375
2 0.09921875 0.31796875 0.19765625 0.1984375
4 0.08984375 0.3296875 0.1796875 0.165625
4 0.48828125 0.578125 0.63515625 0.45546875
4 0.2921875 0.3734375 0.25390625 0.121875
4 0.40078125 0.27890625 0.15 0.17109375
4 0.58125 0.353125 0.15546875 0.1640625
4 0.74453125 0.35625 0.12578125 0.08046875
4 0.78515625 0.28984375 0.14375 0.10234375
4 0.83984375 0.3671875 0.1609375 0.14609375
4 0.93125 0.4046875 0.13671875 0.26953125
4 0.9546875 0.23125 0.08984375 0.21640625
4 0.6890625 0.16875 0.39765625 0.28828125