2 0.6234375 0.7609375 0.66171875 0.475
2 0.165625 0.64453125 0.33125 0.6015625
2 0.66640625 0.440625 0.28203125 0.3
2 0.903125 0.32421875 0.19375 0.2421875
2 0.6984375 0.26171875 0.340625 0.11640625
2 0.68515625 0.1734375 0.49609375 0.1828125
2 0.21484375 0.15 0.4296875 0.19609375
2 0.4078125 0.2109375 0.334375 0.17578125
2 0.25703125 0.29296875 0.37734375 0.16640625
2 0.05859375 0.290625 0.1171875 0.19921875
2 0.35 0.50078125 0.271875 0.35
3 0.159375 0.640625 0.31875 0.58984375
3 0.6296875 0.74609375 0.6234375 0.5078125
4 0.67109375 0.4375 0.27421875 0.3109375
4 0.915625 0.321875 0.16796875 0.22265625
4 0.70390625 0.253125 0.33203125 0.1125
4 0.703125 0.18046875 0.4765625 0.17890625
4 0.2171875 0.1515625 0.434375 0.15546875
4 0.421875 0.2125 0.3609375 0.15390625
4 0.2328125 0.3125 0.32109375 0.184375
4 0.071875 0.29765625 0.14375 0.1671875