2 0.45 0.6046875 0.74453125 0.4796875
2 0.73359375 0.42890625 0.5328125 0.284375
2 0.73984375 0.68671875 0.5203125 0.3671875
2 0.70234375 0.86640625 0.5953125 0.25859375
2 0.209375 0.88125 0.41875 0.2375
2 0.2703125 0.36484375 0.540625 0.71015625
2 0.6796875 0.19375 0.6328125 0.3875
2 0.52734375 0.1265625 0.6015625 0.253125
3 0.4578125 0.60546875 0.7453125 0.44453125
3 0.73203125 0.68671875 0.5359375 0.271875
3 0.70078125 0.875 0.5984375 0.25
3 0.2421875 0.86875 0.484375 0.26171875
3 0.2640625 0.39375 0.52734375 0.72421875
3 0.66484375 0.1890625 0.6671875 0.378125
3 0.53203125 0.1265625 0.6203125 0.253125