4 0.4828125 0.4625 0.45390625 0.3375
4 0.60390625 0.64765625 0.25859375 0.1765625
4 0.58046875 0.809375 0.290625 0.19140625
4 0.89453125 0.90625 0.2109375 0.1875
4 0.928125 0.50625 0.14375 0.2078125
4 0.19296875 0.48046875 0.3859375 0.18828125
4 0.23359375 0.7625 0.46640625 0.475
2 0.17265625 0.47421875 0.3453125 0.29140625
2 0.471875 0.42578125 0.47734375 0.325
2 0.621875 0.6390625 0.3171875 0.21640625
2 0.59296875 0.803125 0.3234375 0.20234375
2 0.90390625 0.9078125 0.1921875 0.184375
2 0.91796875 0.509375 0.1640625 0.23828125
2 0.23515625 0.790625 0.46953125 0.41875