2 0.25234375 0.54609375 0.33046875 0.4125
2 0.31328125 0.82734375 0.47890625 0.2453125
2 0.690625 0.53671875 0.2125 0.43359375
2 0.8125 0.353125 0.3 0.48046875
2 0.77265625 0.25859375 0.4546875 0.459375
2 0.465625 0.19609375 0.334375 0.3921875
2 0.17109375 0.17578125 0.3421875 0.35078125
0 0.1484375 0.17578125 0.296875 0.3515625
0 0.42578125 0.196875 0.240625 0.39296875
0 0.76875 0.24296875 0.46171875 0.471875
0 0.81953125 0.296875 0.30234375 0.36484375
1 0.7 0.53359375 0.228125 0.44765625
4 0.25078125 0.5328125 0.31328125 0.38828125
4 0.31484375 0.83203125 0.48515625 0.2515625