2 0.1796875 0.86796875 0.3359375 0.26328125
2 0.4203125 0.865625 0.48203125 0.26796875
2 0.6578125 0.71484375 0.684375 0.2078125
2 0.525 0.52734375 0.3578125 0.19765625
2 0.18046875 0.49921875 0.23359375 0.3203125
2 0.44765625 0.1984375 0.2296875 0.228125
2 0.2 0.17578125 0.4 0.1921875
2 0.271875 0.27734375 0.54296875 0.1953125
2 0.27421875 0.390625 0.4640625 0.19375
2 0.64921875 0.465625 0.409375 0.1609375
2 0.74140625 0.409375 0.5171875 0.18203125
2 0.81953125 0.31328125 0.3609375 0.21015625
2 0.63203125 0.25390625 0.29140625 0.19765625
2 0.91171875 0.2296875 0.1765625 0.171875
4 0.20078125 0.17421875 0.40078125 0.1890625
4 0.4640625 0.1859375 0.18984375 0.19609375
4 0.62421875 0.2453125 0.28671875 0.16328125
4 0.83984375 0.296875 0.3203125 0.1953125
4 0.9109375 0.240625 0.1671875 0.16015625
4 0.771875 0.4203125 0.44765625 0.175
4 0.65703125 0.4640625 0.3609375 0.1515625
4 0.4953125 0.51796875 0.36953125 0.2171875
4 0.3671875 0.5296875 0.175 0.1765625
4 0.140625 0.48515625 0.2734375 0.25703125
4 0.059375 0.371875 0.11875 0.1703125
4 0.30625 0.3859375 0.3859375 0.19296875
4 0.6578125 0.7203125 0.68359375 0.24609375
4 0.5078125 0.86875 0.2921875 0.24765625
4 0.153125 0.8640625 0.30625 0.2625