2 0.33671875 0.4625 0.63515625 0.2359375
2 0.54375 0.50390625 0.4953125 0.2265625
2 0.88125 0.5203125 0.22890625 0.40703125
2 0.5234375 0.67890625 0.45859375 0.1890625
2 0.1296875 0.66875 0.259375 0.19140625
2 0.13515625 0.5796875 0.2703125 0.1359375
4 0.33515625 0.4625 0.64453125 0.221875
4 0.54609375 0.5015625 0.49921875 0.21015625
4 0.896875 0.5125 0.19765625 0.4203125
4 0.5109375 0.58984375 0.375 0.1265625
4 0.5640625 0.6953125 0.51171875 0.15234375
4 0.1265625 0.71171875 0.253125 0.20546875
4 0.12890625 0.5921875 0.2578125 0.16015625