4 0.36875 0.72265625 0.7375 0.5546875
4 0.2171875 0.5453125 0.43359375 0.37109375
4 0.2890625 0.2328125 0.578125 0.365625
4 0.6375 0.39375 0.39765625 0.3875
4 0.87109375 0.63671875 0.2578125 0.45390625
4 0.7609375 0.346875 0.4703125 0.353125
4 0.72734375 0.12890625 0.5453125 0.2578125
2 0.20390625 0.53359375 0.4078125 0.3125
2 0.35859375 0.7234375 0.7171875 0.4515625
2 0.5421875 0.56796875 0.6078125 0.6734375
2 0.39453125 0.22734375 0.3546875 0.3296875
2 0.1875 0.2875 0.375 0.22265625
2 0.58203125 0.378125 0.3765625 0.30234375
2 0.8890625 0.6625 0.2140625 0.41796875
2 0.75078125 0.29921875 0.49765625 0.30625
2 0.734375 0.12578125 0.53125 0.2515625