0 0.46033653846153844 0.2824519230769231 0.1310096153846154 0.0673076923076923
0 0.036057692307692304 0.04567307692307692 0.07091346153846154 0.03365384615384615
0 0.37740384615384615 0.04807692307692308 0.11658653846153846 0.057692307692307696
0 0.28846153846153844 0.4675480769230769 0.28125 0.43149038461538464
0 0.7620192307692307 0.4855769230769231 0.4723557692307692 0.47596153846153844
0 0.9759615384615384 0.054086538461538464 0.04567307692307692 0.05889423076923077
0 0.04326923076923077 0.10096153846153846 0.08533653846153846 0.055288461538461536
0 0.6598557692307693 0.125 0.13822115384615385 0.12259615384615384
0 0.06850961538461539 0.1466346153846154 0.13581730769230768 0.06971153846153846
0 0.2800480769230769 0.14903846153846154 0.08653846153846154 0.055288461538461536
0 0.8293269230769231 0.1502403846153846 0.08653846153846154 0.0733173076923077
0 0.9615384615384616 0.15504807692307693 0.0733173076923077 0.06129807692307692
0 0.38461538461538464 0.19230769230769232 0.13581730769230768 0.06971153846153846
0 0.23317307692307693 0.22115384615384615 0.16826923076923078 0.06850961538461539