0 0.5588942307692307 0.31490384615384615 0.14543269230769232 0.140625
0 0.23557692307692307 0.3389423076923077 0.1935096153846154 0.15384615384615385
0 0.16466346153846154 0.42788461538461536 0.25721153846153844 0.19591346153846154
0 0.7680288461538461 0.453125 0.22716346153846154 0.17427884615384615
0 0.2403846153846154 0.5252403846153846 0.12860576923076922 0.2091346153846154
0 0.5084134615384616 0.5432692307692307 0.234375 0.18269230769230768
0 0.8966346153846154 0.5528846153846154 0.17067307692307693 0.18509615384615385
0 0.06009615384615385 0.7079326923076923 0.11177884615384616 0.18870192307692307
0 0.18269230769230768 0.8641826923076923 0.27524038461538464 0.20793269230769232
0 0.08413461538461539 0.10216346153846154 0.16826923076923078 0.1466346153846154
0 0.4795673076923077 0.18509615384615385 0.20793269230769232 0.11538461538461539
0 0.2932692307692308 0.21875 0.23317307692307693 0.22355769230769232