2 0.65625 0.4765625 0.45703125 0.43203125
0 0.64921875 0.465625 0.4453125 0.42109375
4 0.1296875 0.546875 0.259375 0.11640625
4 0.1703125 0.64140625 0.340625 0.15234375
4 0.61015625 0.76328125 0.35546875 0.24140625
4 0.815625 0.88359375 0.3609375 0.08359375
4 0.83984375 0.93125 0.3125 0.13671875
2 0.1265625 0.54765625 0.253125 0.1140625
2 0.17421875 0.64609375 0.3484375 0.15
2 0.621875 0.775 0.36171875 0.20234375
2 0.8265625 0.88984375 0.34609375 0.0921875
2 0.83046875 0.95625 0.3390625 0.0796875