2 0.52421875 0.52734375 0.23203125 0.240625
2 0.228125 0.36328125 0.45625 0.1015625
2 0.34375 0.40703125 0.128125 0.125
2 0.5125 0.3984375 0.16328125 0.13125
2 0.75390625 0.37265625 0.31328125 0.18046875
2 0.7 0.44296875 0.1421875 0.11796875
2 0.90546875 0.5 0.18828125 0.23359375
4 0.23046875 0.3546875 0.46015625 0.12421875
4 0.35234375 0.40390625 0.13515625 0.14453125
4 0.521875 0.525 0.23359375 0.2453125
4 0.52109375 0.39609375 0.1625 0.146875
4 0.7 0.4421875 0.14453125 0.115625
4 0.74453125 0.37109375 0.296875 0.19765625
4 0.9015625 0.51015625 0.196875 0.24453125