4 0.66484375 0.79296875 0.60078125 0.234375
4 0.24921875 0.659375 0.328125 0.11171875
4 0.31484375 0.5015625 0.459375 0.16875
4 0.3984375 0.55390625 0.1890625 0.128125
4 0.559375 0.5578125 0.12421875 0.09453125
4 0.6015625 0.52734375 0.33046875 0.10625
4 0.4953125 0.38984375 0.171875 0.13984375
4 0.64296875 0.42734375 0.20390625 0.1
4 0.89453125 0.45546875 0.1828125 0.153125
2 0.3078125 0.4953125 0.3984375 0.1421875
2 0.4015625 0.5453125 0.175 0.11875
2 0.54140625 0.5609375 0.13125 0.103125
2 0.6421875 0.53125 0.23515625 0.08984375
2 0.48125 0.484375 0.10859375 0.08828125
2 0.50625 0.3890625 0.159375 0.11484375
2 0.64609375 0.43828125 0.209375 0.0890625
2 0.89375 0.453125 0.18203125 0.1515625
2 0.67734375 0.78984375 0.5828125 0.23359375
2 0.2484375 0.65859375 0.3203125 0.1078125