4 0.80859375 0.5546875 0.3390625 0.18046875
4 0.60078125 0.55078125 0.190625 0.10625
4 0.44765625 0.56328125 0.1203125 0.1078125
4 0.3296875 0.58359375 0.10390625 0.08828125
4 0.27265625 0.57890625 0.07421875 0.08515625
4 0.2046875 0.584375 0.096875 0.0796875
4 0.08359375 0.5859375 0.12109375 0.0875
2 0.0734375 0.58046875 0.146875 0.0921875
2 0.1859375 0.58984375 0.1265625 0.06484375
2 0.26171875 0.565625 0.06015625 0.06640625
2 0.3328125 0.58515625 0.075 0.08203125
2 0.4359375 0.57734375 0.12890625 0.08671875
2 0.565625 0.5609375 0.1359375 0.1390625
2 0.66484375 0.546875 0.1140625 0.1671875
2 0.840625 0.54140625 0.29453125 0.178125