3 0.04453125 0.58125 0.08828125 0.2078125
3 0.0890625 0.53515625 0.178125 0.240625
3 0.20703125 0.4859375 0.396875 0.24296875
3 0.35703125 0.4265625 0.3203125 0.25390625
3 0.4015625 0.32265625 0.29453125 0.19453125
3 0.67109375 0.453125 0.21328125 0.3046875
3 0.5234375 0.4953125 0.15 0.23828125
3 0.609375 0.5359375 0.1515625 0.23515625
3 0.75 0.409375 0.25625 0.265625
3 0.8203125 0.37734375 0.35546875 0.31875
3 0.946875 0.32421875 0.10625 0.24296875
3 0.9671875 0.51796875 0.065625 0.10625
3 0.8375 0.20703125 0.15234375 0.20078125
3 0.91171875 0.196875 0.16875 0.15703125
3 0.6078125 0.21328125 0.2328125 0.14375
2 0.03203125 0.57265625 0.0640625 0.2140625
2 0.09609375 0.60546875 0.175 0.16640625
2 0.1 0.503125 0.2 0.2234375
2 0.19765625 0.54609375 0.23515625 0.12109375
2 0.184375 0.47109375 0.36875 0.2640625
2 0.3859375 0.45234375 0.296875 0.19921875
2 0.34453125 0.2796875 0.4171875 0.23203125
2 0.62265625 0.21328125 0.16875 0.1140625
2 0.81796875 0.2109375 0.16796875 0.15
2 0.9375 0.18828125 0.12421875 0.121875
2 0.9625 0.33046875 0.06640625 0.21875
2 0.95859375 0.51171875 0.075 0.10390625
2 0.8125 0.35703125 0.32265625 0.26484375
2 0.778125 0.43125 0.18125 0.2515625
2 0.65859375 0.453125 0.17421875 0.253125
2 0.75703125 0.484375 0.09921875 0.17578125
2 0.6234375 0.57734375 0.13515625 0.23125
2 0.5375 0.51328125 0.14375 0.23359375
2 0.38046875 0.45078125 0.28984375 0.2125