2 0.3140625 0.734375 0.36171875 0.15546875
2 0.1921875 0.6609375 0.309375 0.13828125
2 0.1140625 0.571875 0.228125 0.115625
2 0.3359375 0.57421875 0.240625 0.16484375
2 0.4421875 0.4796875 0.2015625 0.15546875
2 0.69921875 0.56171875 0.25 0.14765625
2 0.54375 0.646875 0.21640625 0.17421875
2 0.7109375 0.703125 0.22890625 0.15546875
2 0.85078125 0.72890625 0.26953125 0.13046875
2 0.8875 0.5765625 0.22421875 0.21875
4 0.11953125 0.5625 0.2390625 0.146875
4 0.1765625 0.66015625 0.353125 0.125
4 0.34375 0.7421875 0.30859375 0.125
4 0.55703125 0.665625 0.2375 0.15546875
4 0.3296875 0.56171875 0.24609375 0.13359375
4 0.43984375 0.49765625 0.228125 0.13828125
4 0.68984375 0.56015625 0.1984375 0.14296875
4 0.88671875 0.5609375 0.196875 0.16953125
4 0.7046875 0.7046875 0.20234375 0.128125
4 0.85703125 0.73828125 0.28515625 0.1515625