4 0.13984375 0.40390625 0.2796875 0.740625
4 0.2984375 0.58359375 0.2328125 0.2015625
4 0.709375 0.63203125 0.58046875 0.43984375
4 0.5984375 0.38359375 0.4296875 0.21953125
4 0.88359375 0.41015625 0.2328125 0.20625
4 0.628125 0.14375 0.321875 0.253125
4 0.93984375 0.04140625 0.1203125 0.0828125
4 0.271875 0.0921875 0.35546875 0.18359375
2 0.1421875 0.40859375 0.26640625 0.7125
2 0.30546875 0.57265625 0.20625 0.15390625
2 0.71015625 0.615625 0.57890625 0.3921875
2 0.57265625 0.3765625 0.38359375 0.20390625
2 0.8765625 0.4046875 0.24609375 0.1984375
2 0.63984375 0.13359375 0.3515625 0.2671875
2 0.94140625 0.0515625 0.1171875 0.05859375
2 0.2671875 0.0859375 0.33984375 0.171875