2 0.26015625 0.5203125 0.4375 0.3203125
2 0.56484375 0.51640625 0.2015625 0.1734375
2 0.38203125 0.06875 0.20546875 0.12265625
2 0.7359375 0.53671875 0.23359375 0.2
2 0.728125 0.3125 0.19765625 0.14453125
2 0.5765625 0.32578125 0.140625 0.11875
2 0.92421875 0.51875 0.1515625 0.128125
2 0.953125 0.44921875 0.09375 0.1171875
2 0.6859375 0.44765625 0.1375 0.1140625
3 0.26328125 0.51484375 0.42890625 0.32109375
3 0.38203125 0.0671875 0.2 0.1203125
4 0.57890625 0.3265625 0.1359375 0.13828125
4 0.7296875 0.31015625 0.1765625 0.15703125
4 0.953125 0.44140625 0.09375 0.1015625
4 0.925 0.5296875 0.11328125 0.0953125
4 0.7359375 0.53125 0.21875 0.1984375
4 0.69296875 0.44765625 0.14765625 0.0875
4 0.559375 0.50859375 0.20234375 0.16640625