2 0.4203125 0.590625 0.13046875 0.090625
2 0.4921875 0.5484375 0.1296875 0.0765625
2 0.50234375 0.63359375 0.16015625 0.06328125
2 0.53125 0.5859375 0.096875 0.078125
2 0.58125 0.61328125 0.10546875 0.065625
2 0.6515625 0.596875 0.1125 0.05546875
2 0.7375 0.61875 0.1625 0.08359375
2 0.8140625 0.58671875 0.10703125 0.06171875
2 0.62421875 0.56328125 0.16640625 0.05390625
3 0.415625 0.5890625 0.125 0.09453125
3 0.49296875 0.546875 0.1265625 0.06484375
3 0.52109375 0.5796875 0.11640625 0.065625
3 0.49765625 0.6359375 0.21015625 0.0703125
3 0.62421875 0.59609375 0.16640625 0.06796875
3 0.62109375 0.5640625 0.125 0.04296875
3 0.7546875 0.62578125 0.190625 0.0828125
3 0.82265625 0.58515625 0.13828125 0.0640625