2 0.71171875 0.446875 0.46875 0.2171875
2 0.7515625 0.54375 0.209375 0.1265625
2 0.5859375 0.59609375 0.35 0.18515625
2 0.240625 0.50390625 0.48125 0.1578125
2 0.3296875 0.60859375 0.32890625 0.2125
2 0.1265625 0.68203125 0.253125 0.1609375
2 0.96171875 0.5421875 0.0765625 0.1203125
4 0.7203125 0.4484375 0.41875 0.2109375
4 0.234375 0.4921875 0.46875 0.1484375
4 0.315625 0.60859375 0.3359375 0.20078125
4 0.13671875 0.67109375 0.2734375 0.1828125
4 0.5078125 0.6015625 0.1765625 0.16171875
4 0.6640625 0.58828125 0.15078125 0.1671875
4 0.7609375 0.5484375 0.16171875 0.14296875
4 0.9515625 0.5421875 0.096875 0.115625