4 0.33828125 0.45859375 0.6765625 0.3703125
4 0.878125 0.56171875 0.24375 0.23203125
4 0.80078125 0.6171875 0.203125 0.24765625
4 0.29296875 0.68359375 0.5859375 0.2109375
4 0.1890625 0.890625 0.30078125 0.21875
4 0.41796875 0.88359375 0.315625 0.18984375
4 0.40546875 0.78984375 0.2140625 0.15234375
4 0.584375 0.76640625 0.22265625 0.1546875
4 0.846875 0.93125 0.30546875 0.1375
2 0.32890625 0.43359375 0.6578125 0.35
2 0.79765625 0.61875 0.203125 0.2640625
2 0.9140625 0.565625 0.171875 0.23125
2 0.2875 0.68828125 0.5484375 0.1859375
2 0.38671875 0.8 0.21796875 0.12265625
2 0.40546875 0.87578125 0.32265625 0.15859375
2 0.16875 0.8890625 0.3375 0.221875
2 0.59140625 0.759375 0.23984375 0.15703125
2 0.83515625 0.92734375 0.32265625 0.1453125