2 0.878125 0.63125 0.2359375 0.190625
2 0.76328125 0.5453125 0.21875 0.121875
2 0.640625 0.590625 0.30078125 0.1234375
2 0.49140625 0.553125 0.13203125 0.25703125
2 0.39453125 0.58828125 0.115625 0.15
2 0.2828125 0.56953125 0.18046875 0.12109375
2 0.115625 0.59375 0.23125 0.165625
2 0.6109375 0.53671875 0.159375 0.0953125
4 0.12578125 0.60390625 0.22890625 0.16015625
4 0.271875 0.56328125 0.20859375 0.140625
4 0.38828125 0.58828125 0.09375 0.13671875
4 0.49765625 0.58046875 0.11875 0.2671875
4 0.64609375 0.59921875 0.221875 0.14296875
4 0.76484375 0.55 0.20390625 0.13671875
4 0.60546875 0.52890625 0.1890625 0.09765625
4 0.88125 0.63359375 0.2375 0.1796875