2 0.2140625 0.78828125 0.42734375 0.29765625
2 0.61953125 0.80546875 0.7609375 0.3890625
2 0.91953125 0.52734375 0.153125 0.221875
2 0.6984375 0.55859375 0.53671875 0.2515625
2 0.675 0.65 0.41484375 0.23984375
2 0.34453125 0.61484375 0.4140625 0.19375
2 0.13359375 0.66328125 0.2671875 0.1703125
2 0.23828125 0.48671875 0.4765625 0.321875
2 0.4328125 0.3921875 0.3875 0.20234375
2 0.74921875 0.4171875 0.3328125 0.26640625
4 0.23359375 0.46328125 0.46640625 0.29296875
4 0.22265625 0.78125 0.4453125 0.2578125
4 0.11328125 0.69140625 0.2265625 0.1796875
4 0.64453125 0.81640625 0.703125 0.3671875
4 0.8953125 0.7734375 0.20078125 0.1625
4 0.690625 0.66796875 0.40859375 0.221875
4 0.915625 0.5484375 0.16171875 0.2859375
4 0.70234375 0.56484375 0.48671875 0.21171875
4 0.7796875 0.43203125 0.32109375 0.25625
4 0.5 0.35546875 0.3125 0.1390625
4 0.31640625 0.6109375 0.38125 0.1296875