2 0.396875 0.6078125 0.396875 0.52421875
2 0.7765625 0.68203125 0.3453125 0.45859375
2 0.75546875 0.43515625 0.4890625 0.2609375
2 0.5609375 0.24296875 0.26640625 0.4859375
2 0.865625 0.21328125 0.26171875 0.4265625
2 0.2015625 0.25234375 0.403125 0.4984375
2 0.19375 0.10234375 0.3875 0.2046875
2 0.11640625 0.53984375 0.23203125 0.46015625
2 0.25546875 0.9046875 0.51015625 0.18203125
2 0.77109375 0.93828125 0.4578125 0.1234375
4 0.765625 0.93828125 0.46171875 0.115625
4 0.2828125 0.89453125 0.565625 0.2109375
4 0.41640625 0.6203125 0.38125 0.5234375
4 0.81484375 0.6875 0.36171875 0.41015625
4 0.75390625 0.44296875 0.4921875 0.30234375
4 0.853125 0.21171875 0.284375 0.4234375
4 0.60078125 0.2203125 0.2890625 0.440625
4 0.20078125 0.103125 0.4015625 0.20625
4 0.203125 0.3046875 0.40625 0.365625
4 0.11875 0.5421875 0.2375 0.428125